  0.24821901321411133       0.23350715637207031     
  0.29684305191040039       0.21098113059997559     
  0.24003696441650391       0.13871812820434570     
  0.24353408813476562       0.21577501296997070     
  0.27909803390502930       0.15149712562561035     
  0.27404499053955078        9.1781139373779297E-002
  0.22545504570007324       0.12262105941772461     
  0.36226701736450195       0.11050105094909668     
  0.30584502220153809       0.11038994789123535     
  0.23195409774780273        8.4939956665039062E-002
  0.22342300415039062        9.2800140380859375E-002
  0.21808004379272461        8.3869934082031250E-002
  0.25744915008544922        8.7342977523803711E-002
  0.23291182518005371        9.6512794494628906E-002
  0.22307300567626953        8.9495897293090820E-002
  0.22595095634460449        8.7830066680908203E-002
  0.21680498123168945        8.6692094802856445E-002
  0.21365904808044434        9.7239971160888672E-002
  0.35505294799804688       0.10323095321655273     
  0.29638385772705078        9.3300104141235352E-002
  0.22932791709899902        8.9790105819702148E-002
  0.23005104064941406       0.10022497177124023     
  0.27233481407165527       0.10457205772399902     
  0.30843901634216309       0.11149692535400391     
  0.26518702507019043       0.10105991363525391     
  0.31158494949340820       0.10610508918762207     
  0.28230619430541992       0.10931491851806641     
  0.28084778785705566       0.12376594543457031     
  0.27581787109375000       0.11152505874633789     
  0.27757382392883301       0.10965895652770996     
  0.29141402244567871       0.10789489746093750     
  0.27947092056274414       0.14047884941101074     
  0.35706305503845215       0.12835001945495605     
  0.34137701988220215       0.11358499526977539     
  0.30996799468994141       0.11308097839355469     
  0.31365108489990234       0.12452816963195801     
  0.30987405776977539       0.11734485626220703     
  0.29210305213928223       0.12837505340576172     
  0.31737709045410156       0.14695000648498535     
  0.28552198410034180       0.11840820312500000     
  0.36636495590209961       0.10215902328491211     
  0.30819201469421387        9.3178033828735352E-002
  0.26384496688842773       0.10206198692321777     
  0.31015396118164062       0.12121701240539551     
  0.30318784713745117       0.10995912551879883     
  0.29038500785827637        9.4745874404907227E-002
  0.29620695114135742        9.8919153213500977E-002
  0.30928087234497070       0.13883614540100098     
  0.32130885124206543       0.10498523712158203     
  0.27898001670837402        9.4748973846435547E-002
  0.24082612991333008        9.6955060958862305E-002
  0.28510999679565430       0.10500502586364746     
  0.30661892890930176       0.11578702926635742     
  0.26683998107910156       0.12298607826232910     
  0.29793190956115723       0.10689902305603027     
  0.28690814971923828       0.10827112197875977     
  0.29536008834838867       0.14260888099670410     
  0.31769490242004395       0.10027980804443359     
  0.27230405807495117       0.10897397994995117     
  0.27122306823730469       0.10115098953247070     
  0.31254482269287109       0.11229991912841797     
  0.26704502105712891       0.11876010894775391     
  0.26395392417907715       0.10795807838439941     
  0.27296495437622070       0.10925006866455078     
  0.31919312477111816       0.12024402618408203     
  0.27133679389953613       0.10667300224304199     
  0.27476596832275391       0.11184120178222656     
  0.22663903236389160       0.11429595947265625     
  0.29860186576843262       0.12093877792358398     
  0.23706603050231934        9.9056959152221680E-002
  0.25552797317504883       0.12310695648193359     
  0.39867401123046875       0.14158606529235840     
  0.30984902381896973       0.12517309188842773     
  0.24497699737548828        9.8220109939575195E-002
  0.23603582382202148        9.9880933761596680E-002
  0.24425506591796875       0.10534906387329102     
  0.22429895401000977       0.10578298568725586     
  0.22831892967224121        9.9329948425292969E-002
  0.21676015853881836        8.8690996170043945E-002
  0.21566891670227051        9.1052055358886719E-002
  0.20949506759643555        8.9071035385131836E-002
  0.22604107856750488        9.9626064300537109E-002
  0.22652506828308105        9.3076944351196289E-002
  0.23492193222045898        8.9526176452636719E-002
  0.23031401634216309        8.9352846145629883E-002
  0.22165203094482422        9.2005968093872070E-002
  0.22519993782043457       0.10554695129394531     
  0.23521804809570312        9.3708992004394531E-002
  0.25073695182800293        9.1185092926025391E-002
  0.22599101066589355        9.5156908035278320E-002
  0.24359416961669922       0.10192084312438965     
  0.21696710586547852       0.10433602333068848     
  0.23113203048706055        8.5201978683471680E-002
  0.22507119178771973        8.7890863418579102E-002
  0.21682500839233398        8.8567972183227539E-002
  0.22375392913818359        9.3547105789184570E-002
  0.20593285560607910       0.10311102867126465     
  0.21940684318542480        8.5783958435058594E-002
  0.21884393692016602        9.1953992843627930E-002
  0.22060799598693848        9.5505952835083008E-002
  0.22514295578002930        9.1656923294067383E-002
  0.22268700599670410        9.7275018692016602E-002
  0.21417689323425293        9.5857143402099609E-002
  0.21324801445007324       0.10728907585144043     
  0.23509311676025391        9.5981121063232422E-002
  0.22487401962280273        9.5654964447021484E-002
  0.22256398200988770        9.4388961791992188E-002
  0.21470403671264648        8.6934089660644531E-002
  0.21980690956115723        8.6750984191894531E-002
  0.22408199310302734        9.1987848281860352E-002
  0.22389817237854004        9.3079805374145508E-002
  0.21804499626159668        9.6000909805297852E-002
  0.22921800613403320        9.3379020690917969E-002
  0.22476601600646973        9.3501091003417969E-002
  0.22243285179138184        9.2114925384521484E-002
  0.22337889671325684        8.7069988250732422E-002
  0.22235298156738281        8.9325904846191406E-002
  0.21674585342407227        9.6604108810424805E-002
  0.21388602256774902        9.1045141220092773E-002
  0.22614979743957520        9.7347021102905273E-002
  0.23092794418334961        9.5731019973754883E-002
  0.22980523109436035        9.0978860855102539E-002
  0.22420120239257812       0.10087490081787109     
  0.20396304130554199        9.5467805862426758E-002
  0.22474598884582520        8.9915037155151367E-002
  0.22563910484313965        9.4735860824584961E-002
  0.20768404006958008        9.5546960830688477E-002
  0.20585823059082031        9.8538875579833984E-002
  0.22595715522766113        9.1403961181640625E-002
  0.22965216636657715        9.2859029769897461E-002
  0.22914600372314453        9.1929912567138672E-002
  0.21822905540466309        9.5005989074707031E-002
  0.23195886611938477        9.0420007705688477E-002
  0.24120903015136719        9.2041969299316406E-002
  0.22958588600158691        9.7552061080932617E-002
  0.26632595062255859       0.12794113159179688     
  0.33816289901733398       0.13411593437194824     
  0.32811808586120605       0.12951493263244629     
  0.31152296066284180       0.11598610877990723     
  0.33299303054809570       0.11942386627197266     
  0.30529713630676270       0.11164593696594238     
  0.29341793060302734       0.10719895362854004     
  0.30025792121887207       0.12753915786743164     
  0.34409999847412109       0.12862992286682129     
  0.35917615890502930       0.14227604866027832     
  0.31945490837097168       0.13926291465759277     
  0.33762311935424805       0.14070200920104980     
  0.35604882240295410       0.13048791885375977     
  0.29479408264160156       0.11398196220397949     
  0.30823493003845215       0.11861991882324219     
  0.28655886650085449        9.2679023742675781E-002
  0.22735095024108887        9.0703010559082031E-002
  0.23278188705444336       0.10006117820739746     
  0.22231698036193848        9.8618984222412109E-002
  0.22966504096984863        8.9853048324584961E-002
  0.22733116149902344        9.0763092041015625E-002
  0.22245287895202637        8.9915037155151367E-002
  0.23315095901489258        8.9215993881225586E-002
  0.22999286651611328        9.5894098281860352E-002
  0.22140598297119141        9.8299980163574219E-002
  0.22698712348937988        8.8499069213867188E-002
  0.22668290138244629        8.6885929107666016E-002
  0.21284890174865723        8.8694095611572266E-002
  0.21660089492797852        9.6302032470703125E-002
  0.22725510597229004        9.2482089996337891E-002
  0.22655487060546875        9.7810983657836914E-002
  0.22165703773498535        8.9341163635253906E-002
  0.22198200225830078        9.4944953918457031E-002
  0.20898222923278809        9.9419832229614258E-002
  0.23382806777954102        9.0672016143798828E-002
  0.22649216651916504        8.9040040969848633E-002
  0.21152186393737793        8.7604999542236328E-002
  0.21923089027404785        8.7635993957519531E-002
  0.23034715652465820        8.9566946029663086E-002
  0.21869802474975586        9.2621803283691406E-002
  0.23107409477233887        9.5261096954345703E-002
  0.21682500839233398       0.10937690734863281     
  0.20596408843994141        9.6511840820312500E-002
  0.21975016593933105        9.3134880065917969E-002
  0.31026506423950195       0.10643196105957031     
  0.27816891670227051       0.11643004417419434     
  0.25614809989929199       0.10518908500671387     
  0.26099419593811035        9.1811895370483398E-002
  0.24534416198730469        9.1660022735595703E-002
  0.23547601699829102        9.7747087478637695E-002
  0.22699785232543945        9.3750953674316406E-002
  0.21879196166992188        9.0721845626831055E-002
  0.22564101219177246        9.8509073257446289E-002
  0.24608302116394043        9.6004962921142578E-002
  0.23130202293395996       0.10311388969421387     
  0.22789287567138672       0.11014509201049805     
  0.25725507736206055        8.9637041091918945E-002
  0.22889089584350586       0.10873985290527344     
  0.27406787872314453       0.10291886329650879     
  0.23428821563720703        9.5619916915893555E-002
  0.22798991203308105        9.5941066741943359E-002
  0.23837518692016602        9.6997976303100586E-002
  0.25277304649353027       0.11638998985290527     
  0.24971413612365723       0.11180400848388672     
  0.22451901435852051       0.10894894599914551     
  0.24705386161804199       0.10139799118041992     
  0.24399685859680176        9.8458051681518555E-002
  0.23862814903259277        9.3045949935913086E-002
  0.23046994209289551        9.4806909561157227E-002
  0.23854804039001465       0.10014796257019043     
  0.23863792419433594        9.4269990921020508E-002
  0.22640991210937500        8.7006807327270508E-002
  0.22357821464538574        8.7549924850463867E-002
  0.22005891799926758       0.10367894172668457     
  0.27146291732788086        9.7078084945678711E-002
  0.28573989868164062        9.7628116607666016E-002
  0.27448582649230957       0.10218787193298340     
  0.28170108795166016       0.11691808700561523     
  0.25273394584655762        9.7164154052734375E-002
  0.23526906967163086       0.11151194572448730     
  0.24699687957763672       0.10523200035095215     
  0.25210499763488770       0.11506104469299316     
  0.32331800460815430       0.11590886116027832     
  0.27032494544982910        9.5358133316040039E-002
  0.29576206207275391       0.11437892913818359     
  0.25716185569763184       0.11293411254882812     
  0.27138280868530273       0.11192893981933594     
  0.29029822349548340       0.12823891639709473     
  0.25761198997497559        9.7641944885253906E-002
  0.30177307128906250       0.11842083930969238     
  0.26807188987731934        9.5750808715820312E-002
  0.23140382766723633       0.11177396774291992     
  0.26783800125122070        9.8177194595336914E-002
  0.22906899452209473        9.5438957214355469E-002
  0.22114491462707520        9.1624975204467773E-002
  0.27809691429138184       0.10653209686279297     
  0.28067111968994141       0.11095690727233887     
  0.24970293045043945       0.11455106735229492     
  0.27023601531982422        9.6565008163452148E-002
  0.24243497848510742       0.10575318336486816     
  0.25393509864807129        9.6513032913208008E-002
  0.22607088088989258        9.1705083847045898E-002
  0.23010993003845215        8.9751005172729492E-002
  0.21777081489562988        8.8831901550292969E-002
  0.20524096488952637        8.7859153747558594E-002
  0.20917105674743652        9.1521978378295898E-002
  0.25445890426635742        9.3508005142211914E-002
  0.22590398788452148        9.2514991760253906E-002
  0.25045514106750488       0.11348605155944824     
  0.24593305587768555        9.8390102386474609E-002
  0.23561096191406250        8.9359045028686523E-002
  0.20890808105468750        9.3765974044799805E-002
  0.23161602020263672       0.11296105384826660     
  0.28127884864807129       0.11827707290649414     
  0.27937602996826172        9.5103979110717773E-002
  0.27762794494628906       0.10341095924377441     
  0.26429891586303711       0.10056304931640625     
  0.27883791923522949        9.8494052886962891E-002
  0.29270410537719727       0.10494399070739746     
  0.24958181381225586       0.11949586868286133     
  0.26244282722473145       0.12242078781127930     
  0.26078319549560547       0.10145092010498047     
  0.23348879814147949        9.8559856414794922E-002
  0.23406410217285156        9.6554040908813477E-002
  0.22952508926391602        9.7486019134521484E-002
  0.21939396858215332        9.2044115066528320E-002
  0.26816391944885254       0.11100816726684570     
  0.24074101448059082        9.9683046340942383E-002
  0.23011302947998047        9.6014976501464844E-002
  0.22077703475952148        9.0083122253417969E-002
  0.22523784637451172        9.1598987579345703E-002
  0.22341203689575195        8.9942932128906250E-002
  0.22180891036987305        8.8063001632690430E-002
  0.23640894889831543       0.10410690307617188     
  0.23503398895263672       0.10832810401916504     
  0.26886796951293945        9.8803043365478516E-002
  0.21759295463562012        9.1794013977050781E-002
  0.22629213333129883       0.10445594787597656     
  0.21207690238952637        9.2273950576782227E-002
  0.22189784049987793        9.3506097793579102E-002
  0.22753596305847168        9.0368032455444336E-002
  0.22565698623657227        9.2048883438110352E-002
  0.23430418968200684       0.10019493103027344     
  0.21818900108337402        9.3104839324951172E-002
  0.21534490585327148        9.3804121017456055E-002
  0.21670413017272949        9.5317840576171875E-002
  0.24213099479675293       0.10304498672485352     
  0.23975706100463867        9.5391035079956055E-002
  0.22123694419860840       0.10273003578186035     
  0.26614713668823242       0.11115407943725586     
  0.26445698738098145        9.9087953567504883E-002
  0.23470687866210938        9.4920158386230469E-002
  0.24896407127380371       0.10698390007019043     
  0.25657796859741211       0.10096621513366699     
  0.26670694351196289       0.10743904113769531     
  0.28484416007995605       0.10461688041687012     
  0.31387996673583984       0.11217999458312988     
  0.31754589080810547       0.11118793487548828     
  0.27870178222656250       0.10671186447143555     
  0.30247592926025391        9.6746206283569336E-002
  0.24530982971191406       0.11427998542785645     
  0.26434206962585449       0.10485506057739258     
  0.24393200874328613       0.10937094688415527     
  0.22781395912170410        9.6487998962402344E-002
  0.23593592643737793       0.10176515579223633     
  0.24235415458679199       0.10397291183471680     
  0.23169398307800293       0.10286903381347656     
  0.22592091560363770        9.0862989425659180E-002
  0.22389197349548340       0.10012292861938477     
  0.23391890525817871        9.5905780792236328E-002
  0.22899794578552246        9.5175981521606445E-002
  0.23595690727233887        9.7875118255615234E-002
  0.23519301414489746        9.2797040939331055E-002
  0.23655915260314941        9.3389034271240234E-002
  0.23242092132568359        9.0831041336059570E-002
  0.25239610671997070        9.9502086639404297E-002
  0.22269296646118164        9.0096950531005859E-002
  0.22712302207946777        9.3590021133422852E-002
  0.22323012351989746        9.2525959014892578E-002
  0.22462606430053711        9.0444087982177734E-002
  0.21441793441772461        9.4278812408447266E-002
  0.22429299354553223        9.9741935729980469E-002
  0.22204303741455078        9.3653917312622070E-002
  0.22170805931091309        9.5592975616455078E-002
  0.23495888710021973        9.4690799713134766E-002
  0.23513388633728027        9.5173120498657227E-002
  0.22432303428649902        9.8468065261840820E-002
  0.23675394058227539        9.5528125762939453E-002
  0.23977804183959961        9.5885038375854492E-002
  0.23686909675598145        9.5746040344238281E-002
  0.23123598098754883        9.1916799545288086E-002
  0.23320484161376953        9.2817068099975586E-002
  0.23181319236755371        9.4341993331909180E-002
  0.23403501510620117       0.10503101348876953     
  0.22446393966674805       0.10052204132080078     
  0.21739792823791504        9.5759153366088867E-002
  0.22839283943176270        9.6009016036987305E-002
  0.22584486007690430        9.3827009201049805E-002
  0.23092603683471680        9.8117828369140625E-002
  0.22002983093261719        8.9515209197998047E-002
  0.22491598129272461       0.10444188117980957     
  0.22801709175109863        8.8180065155029297E-002
  0.22128701210021973        8.6977005004882812E-002
  0.20756912231445312        9.3987941741943359E-002
  0.23570585250854492        9.7107172012329102E-002
  0.22440099716186523        9.9546909332275391E-002
  0.21733498573303223        9.0879917144775391E-002
  0.21849918365478516        9.2450857162475586E-002
  0.22228693962097168        9.5997095108032227E-002
  0.24469113349914551        9.3863964080810547E-002
  0.21750998497009277        9.6362829208374023E-002
  0.22494816780090332        9.3016862869262695E-002
  0.23033189773559570        9.9600076675415039E-002
  0.23806405067443848        9.8402023315429688E-002
  0.23484396934509277        9.4514131546020508E-002
  0.22871184349060059       0.10035490989685059     
  0.22798919677734375        9.8531961441040039E-002
  0.23483395576477051        9.5560073852539062E-002
  0.23276495933532715       0.10982203483581543     
  0.22487688064575195        9.1726064682006836E-002
  0.21938896179199219        9.8643064498901367E-002
  0.22159099578857422        9.2391967773437500E-002
  0.23093605041503906        9.8008871078491211E-002
  0.21756505966186523        9.1296195983886719E-002
  0.21240496635437012        9.1762065887451172E-002
  0.22615790367126465        9.9670171737670898E-002
  0.22114801406860352        9.4547986984252930E-002
  0.22219014167785645        8.9462995529174805E-002
  0.22008204460144043        9.6059083938598633E-002
  0.22420907020568848        9.6827030181884766E-002
  0.24103188514709473       0.10484290122985840     
  0.22691106796264648        9.3438863754272461E-002
  0.23782181739807129        9.2814922332763672E-002
  0.22428798675537109        9.6240043640136719E-002
  0.22689890861511230        9.2365026473999023E-002
  0.24008512496948242       0.10110092163085938     
  0.24126505851745605        9.8491907119750977E-002
  0.23199081420898438        9.4271183013916016E-002
  0.23789906501770020       0.10049390792846680     
  0.23410606384277344        9.6215009689331055E-002
  0.22957420349121094        9.7226858139038086E-002
  0.22648811340332031        9.6514940261840820E-002
  0.22512006759643555        9.3251943588256836E-002
  0.21395301818847656        9.3787908554077148E-002
  0.21809601783752441        9.6648931503295898E-002
  0.22318983078002930        9.9462985992431641E-002
  0.23449277877807617        9.9691867828369141E-002
  0.24086189270019531       0.10074806213378906     
  0.24465894699096680        9.3799114227294922E-002
  0.22472906112670898        9.5109939575195312E-002
  0.23324012756347656        9.9299907684326172E-002
  0.23859000205993652       0.10135984420776367     
  0.23028397560119629        8.9003086090087891E-002
  0.21786403656005859        9.3204021453857422E-002
  0.22189903259277344        9.1309070587158203E-002
  0.21979594230651855        9.6577167510986328E-002
  0.23585009574890137        9.2154026031494141E-002
  0.22724699974060059        9.5228195190429688E-002
  0.21387600898742676        9.3122959136962891E-002
  0.23671197891235352        9.0167999267578125E-002
  0.22508311271667480        9.5288038253784180E-002
  0.21874594688415527        9.0195178985595703E-002
  0.22319388389587402       0.10010194778442383     
  0.23051381111145020        9.8189115524291992E-002
  0.22846293449401855        9.9603891372680664E-002
  0.22027611732482910        9.1699838638305664E-002
  0.21703600883483887        8.9807987213134766E-002
  0.23069787025451660        9.8149061203002930E-002
  0.22751092910766602        9.1943025588989258E-002
  0.22452402114868164        8.8604927062988281E-002
  0.21061205863952637        9.3142986297607422E-002
  0.22311019897460938        9.5206975936889648E-002
  0.21236109733581543        9.4286918640136719E-002
  0.21819710731506348        9.6246957778930664E-002
  0.23127508163452148        9.3641996383666992E-002
  0.22665214538574219        9.4027996063232422E-002
  0.21954011917114258        9.2617034912109375E-002
  0.22443008422851562        9.8140001296997070E-002
  0.21621394157409668        9.2061996459960938E-002
  0.22042202949523926        8.8581085205078125E-002
  0.21377301216125488        9.4721078872680664E-002
  0.22182106971740723        9.9395990371704102E-002
  0.22640204429626465        9.6396207809448242E-002
  0.21676087379455566        9.8844766616821289E-002
  0.22037792205810547        9.4033002853393555E-002
  0.24146318435668945       0.10118794441223145     
  0.22248196601867676        9.3239068984985352E-002
  0.23186397552490234        8.8855981826782227E-002
  0.23127889633178711        9.9463939666748047E-002
  0.21375894546508789        9.0450048446655273E-002
  0.22225308418273926        9.3143939971923828E-002
  0.22563505172729492        9.9248170852661133E-002
  0.22014999389648438        9.7024917602539062E-002
  0.23504018783569336       0.10630106925964355     
  0.22220301628112793        9.4533205032348633E-002
  0.21712589263916016        9.0523004531860352E-002
  0.23802089691162109        9.7125053405761719E-002
  0.22512507438659668        9.2024087905883789E-002
  0.21962785720825195        9.4886064529418945E-002
  0.20607900619506836        9.0360164642333984E-002
  0.21047687530517578        9.5429182052612305E-002
  0.21785998344421387        8.8161945343017578E-002
  0.21138501167297363        9.1187953948974609E-002
  0.22197508811950684        9.1187000274658203E-002
  0.22492814064025879        9.5257997512817383E-002
  0.22298598289489746        9.4063997268676758E-002
  0.22316098213195801        8.9657068252563477E-002
  0.22097897529602051        9.0443134307861328E-002
  0.22726297378540039        9.0851068496704102E-002
  0.21557307243347168        8.8818073272705078E-002
  0.22446489334106445        9.8928213119506836E-002
  0.23183298110961914       0.12300610542297363     
  0.24075102806091309        9.1593980789184570E-002
  0.22573900222778320        9.4319105148315430E-002
  0.21243190765380859        9.0488195419311523E-002
  0.22723984718322754        9.7517013549804688E-002
  0.22481298446655273        9.1040134429931641E-002
  0.21462297439575195        9.7202062606811523E-002
  0.22874402999877930        9.4506025314331055E-002
  0.22583103179931641       0.10133194923400879     
  0.22131109237670898        9.0070009231567383E-002
  0.22497797012329102       0.10249495506286621     
  0.20918416976928711       0.10116291046142578     
  0.21206021308898926        8.8676929473876953E-002
  0.22825002670288086        8.9231014251708984E-002
  0.22826695442199707        9.1413021087646484E-002
  0.23773503303527832       0.10128903388977051     
  0.28153491020202637       0.12172293663024902     
  0.25077295303344727        9.9639892578125000E-002
  0.25508904457092285       0.10404396057128906     
  0.24051213264465332       0.10455489158630371     
  0.26418209075927734       0.10577797889709473     
  0.26585197448730469        9.9511861801147461E-002
  0.21382403373718262        9.8705053329467773E-002
  0.22318911552429199       0.10591983795166016     
  0.32114911079406738        9.6560001373291016E-002
  0.28936386108398438       0.10248017311096191     
  0.24690604209899902        9.7183942794799805E-002
  0.25734996795654297        9.9466085433959961E-002
  0.30245399475097656       0.12366890907287598     
  0.26665091514587402       0.10943698883056641     
  0.30585289001464844       0.11885094642639160     
  0.26174521446228027        9.6750974655151367E-002
  0.26227593421936035        9.6951007843017578E-002
  0.26797199249267578       0.12328696250915527     
  0.30038595199584961       0.11218810081481934     
  0.26933002471923828       0.12167787551879883     
  0.23028898239135742        9.7176074981689453E-002
  0.25033903121948242        9.1346979141235352E-002
  0.24994206428527832       0.11922407150268555     
  0.23508691787719727        9.4336032867431641E-002
  0.21788406372070312       0.11965513229370117     
  0.24645996093750000        9.2324972152709961E-002
  0.23593211174011230        9.0580940246582031E-002
  0.27549099922180176       0.11082720756530762     
  0.27410101890563965       0.12135100364685059     
  0.28940486907958984       0.10791802406311035     
  0.25203013420104980        9.3036890029907227E-002
  0.24716997146606445       0.11105895042419434     
  0.25466895103454590        9.8891019821166992E-002
  0.27724909782409668       0.12776803970336914     
  0.24041318893432617        9.6992969512939453E-002
  0.24798393249511719        9.5860004425048828E-002
  0.24456405639648438        9.4141006469726562E-002
  0.23623108863830566       0.11376905441284180     
  0.24716997146606445       0.10012292861938477     
  0.26529622077941895        9.1680765151977539E-002
  0.23284983634948730        9.9274158477783203E-002
  0.24822807312011719       0.10943794250488281     
  0.27335381507873535       0.11150789260864258     
  0.25582194328308105       0.11325812339782715     
  0.27499508857727051       0.10182499885559082     
  0.27926802635192871       0.10110211372375488     
  0.28648900985717773       0.10200619697570801     
  0.24027204513549805       0.10577797889709473     
  0.26935601234436035       0.10401797294616699     
  0.28080821037292480       0.11898803710937500     
  0.24047207832336426       0.11543416976928711     
  0.30571413040161133       0.11600089073181152     
  0.26926398277282715       0.15484404563903809     
  0.28910088539123535       0.10160803794860840     
  0.24179697036743164        9.9756956100463867E-002
  0.30405211448669434       0.11661100387573242     
  0.23722100257873535       0.13545322418212891     
  0.33739089965820312       0.11043405532836914     
  0.31306791305541992       0.13685703277587891     
  0.37511277198791504       0.18516683578491211     
  0.37215209007263184       0.14900898933410645     
  0.35285186767578125       0.16949391365051270     
  0.34909796714782715       0.14492893218994141     
  0.31593894958496094       0.11374282836914062     
  0.24647498130798340       0.11811113357543945     
  0.27844405174255371       0.13949108123779297     
  0.30422711372375488       0.11920094490051270     
  0.29873394966125488       0.11879706382751465     
  0.24789500236511230       0.10790109634399414     
  0.25685906410217285       0.11063218116760254     
  0.24215316772460938       0.12448382377624512     
  0.30150198936462402       0.10494804382324219     
  0.27503895759582520       0.11870312690734863     
  0.28481912612915039       0.11885309219360352     
  0.24238705635070801       0.10678911209106445     
  0.24309110641479492        9.4374895095825195E-002
  0.21853089332580566        9.9071025848388672E-002
  0.22376418113708496        9.3672990798950195E-002
  0.21878910064697266       0.10020995140075684     
  0.22659802436828613        9.7561120986938477E-002
  0.24419999122619629        9.2190980911254883E-002
  0.22390818595886230        8.9689016342163086E-002
  0.22833085060119629        9.8064184188842773E-002
  0.23465895652770996        9.7567081451416016E-002
  0.21866011619567871        8.8182926177978516E-002
  0.22367811203002930        8.9886903762817383E-002
  0.21960902214050293        9.0183973312377930E-002
  0.21434712409973145        9.2654943466186523E-002
  0.21054911613464355        9.3492984771728516E-002
  0.22492098808288574        9.2841148376464844E-002
  0.22652411460876465        9.7174882888793945E-002
  0.22313404083251953        9.4662904739379883E-002
  0.22825098037719727        9.7976922988891602E-002
  0.21419811248779297        9.0287923812866211E-002
  0.23134708404541016       0.10292291641235352     
  0.22153210639953613        9.4976902008056641E-002
  0.22404909133911133       0.10205101966857910     
  0.23214006423950195       0.10158586502075195     
  0.22059297561645508        9.5640182495117188E-002
  0.22409486770629883        9.2307090759277344E-002
  0.22061610221862793        9.5044851303100586E-002
  0.22429990768432617        9.0739011764526367E-002
  0.22670197486877441        9.5899820327758789E-002
  0.22022700309753418        9.2518091201782227E-002
  0.26806402206420898        9.9044084548950195E-002
  0.23191404342651367        9.5226049423217773E-002
  0.22782993316650391        9.0533971786499023E-002
  0.21754884719848633        9.1750144958496094E-002
  0.23982810974121094        9.5697879791259766E-002
  0.23913908004760742        9.6545934677124023E-002
  0.22311091423034668        9.3408107757568359E-002
  0.23998808860778809        9.9667787551879883E-002
  0.21674108505249023        9.4696998596191406E-002
  0.23314189910888672       0.10162210464477539     
  0.22863793373107910        9.3188047409057617E-002
  0.22464895248413086        9.3947172164916992E-002
  0.22249197959899902        8.8551998138427734E-002
  0.22586798667907715        8.9283943176269531E-002
  0.22224211692810059        9.3375921249389648E-002
  0.22125887870788574        8.9892148971557617E-002
  0.21476793289184570        9.3627929687500000E-002
  0.22100782394409180        9.7031831741333008E-002
  0.21114301681518555        9.5077037811279297E-002
  0.21785807609558105        9.8815917968750000E-002
  0.23384809494018555        9.3216180801391602E-002
  0.22409987449645996        9.1605186462402344E-002
  0.21340179443359375        9.1993808746337891E-002
  0.21924591064453125        9.4792127609252930E-002
  0.22687196731567383        9.7356081008911133E-002
  0.21475696563720703        9.0830087661743164E-002
  0.21327900886535645        9.6226930618286133E-002
  0.23169088363647461        9.4492912292480469E-002
  0.21873998641967773        9.2213869094848633E-002
  0.21387910842895508        8.9964151382446289E-002
  0.21813392639160156        9.5885038375854492E-002
  0.22909402847290039        9.5914125442504883E-002
  0.21597003936767578       0.10149216651916504     
  0.21672296524047852        9.4527959823608398E-002
  0.22175216674804688        9.8857879638671875E-002
  0.23424911499023438        9.3660831451416016E-002
  0.22297501564025879        9.4207048416137695E-002
  0.22687697410583496        9.9211931228637695E-002
  0.22450208663940430        9.1120004653930664E-002
  0.22417807579040527        9.8590135574340820E-002
  0.22832393646240234        9.1628789901733398E-002
  0.22453808784484863        9.2568159103393555E-002
  0.24370598793029785        9.6569061279296875E-002
  0.22288799285888672        9.1310977935791016E-002
  0.21722316741943359        8.8773965835571289E-002
  0.22116804122924805        9.8915100097656250E-002
  0.21920609474182129        9.0455055236816406E-002
  0.23405003547668457        9.5411062240600586E-002
  0.22825694084167480        9.3033075332641602E-002
  0.22212004661560059        9.0534925460815430E-002
  0.22530388832092285        9.3280792236328125E-002
  0.22139811515808105        9.6179962158203125E-002
  0.22887182235717773       0.10193800926208496     
  0.24305319786071777       0.10118889808654785     
  0.23289108276367188        9.6069812774658203E-002
  0.23076510429382324        9.3070030212402344E-002
  0.21877312660217285        9.5016956329345703E-002
  0.22763395309448242        9.5610141754150391E-002
  0.23441100120544434       0.10258793830871582     
  0.22280383110046387        9.4483137130737305E-002
  0.23448514938354492        9.8011970520019531E-002
  0.21688604354858398        9.1492176055908203E-002
  0.22594785690307617        9.4351053237915039E-002
  0.23114705085754395        9.6380233764648438E-002
  0.23429489135742188        9.7517013549804688E-002
  0.23386693000793457        9.5414161682128906E-002
  0.23483204841613770        9.8330020904541016E-002
  0.24703288078308105        9.8517179489135742E-002
  0.23880100250244141        9.3379020690917969E-002
  0.24127316474914551       0.10135984420776367     
  0.23531913757324219        9.6864938735961914E-002
  0.23317122459411621       0.10658192634582520     
  0.25516080856323242       0.11962080001831055     
  0.28465294837951660       0.11985707283020020     
  0.31078290939331055       0.13075804710388184     
  0.32714891433715820       0.11223220825195312     
  0.27708506584167480       0.11993908882141113     
  0.30099391937255859       0.11741304397583008     
  0.28531193733215332       0.13465809822082520     
  0.48806500434875488        9.9158048629760742E-002
  0.23550915718078613        9.7085952758789062E-002
  0.22252011299133301        9.4022035598754883E-002
  0.21222901344299316        9.3211889266967773E-002
  0.20675611495971680        9.5415115356445312E-002
  0.21000599861145020        9.3836069107055664E-002
  0.22516989707946777        9.4739913940429688E-002
  0.21770715713500977        9.4157934188842773E-002
  0.20531606674194336        9.8292112350463867E-002
  0.21689200401306152        9.4051837921142578E-002
  0.20475697517395020        8.7276935577392578E-002
  0.20683598518371582        8.6946964263916016E-002
  0.20994901657104492        8.8490962982177734E-002
  0.21389102935791016        8.8979005813598633E-002
  0.20475602149963379        8.5464000701904297E-002
  0.20920395851135254       0.11318588256835938     
  0.24045109748840332        9.4697952270507812E-002
  0.23361802101135254        9.1544151306152344E-002
  0.24784803390502930        9.6600055694580078E-002
  0.20612001419067383        9.3335866928100586E-002
  0.24618887901306152       0.10246014595031738     
  0.21238517761230469        9.0026855468750000E-002
  0.20875382423400879        9.7373008728027344E-002
  0.21911001205444336        9.1118097305297852E-002
  0.21630001068115234        9.4068050384521484E-002
  0.23813295364379883        9.4231128692626953E-002
  0.25892996788024902       0.11373400688171387     
  0.25309014320373535        9.9303960800170898E-002
  0.24469518661499023        9.9392890930175781E-002
  0.25170803070068359       0.12093400955200195     
  0.22334885597229004        9.7836017608642578E-002
  0.22133302688598633        9.3034982681274414E-002
  0.24678897857666016       0.10320091247558594     
  0.22392392158508301       0.10319614410400391     
  0.23485493659973145       0.10299205780029297     
  0.21352815628051758        9.5428943634033203E-002
  0.21242713928222656        9.4677925109863281E-002
  0.22186803817749023        9.0635776519775391E-002
  0.22123479843139648        9.0787172317504883E-002
  0.20254993438720703        9.0556144714355469E-002
  0.21873307228088379        8.7887048721313477E-002
  0.21344399452209473        8.7995052337646484E-002
  0.20778203010559082        8.6795091629028320E-002
  0.21127390861511230        9.3154191970825195E-002
  0.21763992309570312        9.7835779190063477E-002
  0.21359586715698242        8.9702129364013672E-002
  0.21497893333435059       0.10282993316650391     
  0.19617605209350586        8.9092969894409180E-002
  0.20931291580200195        9.7723960876464844E-002
  0.21610903739929199        8.9512825012207031E-002
  0.22320103645324707        9.0472936630249023E-002
  0.21990704536437988        9.3652963638305664E-002
  0.21139693260192871        8.7938070297241211E-002
  0.20937991142272949        9.4363927841186523E-002
  0.26392006874084473       0.10683298110961914     
  0.23871517181396484        9.3112945556640625E-002
  0.20904397964477539        8.8613033294677734E-002
  0.22955894470214844        9.5865011215209961E-002
  0.23761987686157227        9.0906143188476562E-002
  0.22014117240905762        9.9985837936401367E-002
  0.24826002120971680        9.0038061141967773E-002
  0.21682500839233398        9.2821121215820312E-002
  0.22366285324096680        9.4862937927246094E-002
  0.24234700202941895       0.10350608825683594     
  0.23279690742492676       0.11085677146911621     
  0.22182893753051758        9.5321178436279297E-002
  0.24531102180480957        9.3599081039428711E-002
  0.22092318534851074        9.9627971649169922E-002
  0.21868991851806641        9.7853183746337891E-002
  0.26427793502807617        9.3595981597900391E-002
  0.24475502967834473        9.3873023986816406E-002
  0.23964285850524902        8.9868068695068359E-002
  0.24090099334716797       0.10924410820007324     
  0.26646184921264648       0.11237502098083496     
  0.26055002212524414        9.6325874328613281E-002
  0.22557282447814941        9.2247962951660156E-002
  0.22326397895812988        9.1243028640747070E-002
  0.22980403900146484        9.4902038574218750E-002
  0.21683907508850098        9.2816829681396484E-002
  0.22648000717163086        9.5577955245971680E-002
  0.21275496482849121        9.5113992691040039E-002
  0.23890399932861328        9.9941015243530273E-002
  0.23278880119323730        9.9671840667724609E-002
  0.23822093009948730       0.10204911231994629     
  0.22648501396179199        9.6885204315185547E-002
  0.22135400772094727        9.6538066864013672E-002
  0.19192099571228027        9.3621969223022461E-002
  0.24350810050964355        9.9747896194458008E-002
  0.22087383270263672        8.9022159576416016E-002
  0.25187301635742188       0.11993885040283203     
  0.25106811523437500        9.5887899398803711E-002
  0.24346709251403809        8.9205980300903320E-002
  0.20550417900085449        9.1372013092041016E-002
  0.21841192245483398       0.10303211212158203     
  0.23253202438354492        9.1150999069213867E-002
  0.21220493316650391        9.1377973556518555E-002
  0.22400403022766113        9.8256826400756836E-002
  0.20745420455932617        9.3998908996582031E-002
  0.21906781196594238        9.9646091461181641E-002
  0.22467589378356934        9.3060016632080078E-002
  0.21676516532897949        9.1940879821777344E-002
  0.21694397926330566        9.5747947692871094E-002
  0.21708703041076660        9.0755939483642578E-002
  0.27727413177490234       0.10406684875488281     
  0.28328919410705566       0.10680294036865234     
  0.25503587722778320       0.11094903945922852     
  0.22933220863342285        9.1526985168457031E-002
  0.25231504440307617       0.11352705955505371     
  0.24794387817382812       0.11694002151489258     
  0.27682185173034668       0.10424900054931641     
  0.27993106842041016       0.10393691062927246     
  0.23252201080322266       0.11253690719604492     
  0.24849510192871094       0.10594701766967773     
  0.30308985710144043       0.11064195632934570     
  0.24786400794982910        9.4012975692749023E-002
  0.25229215621948242       0.10426402091979980     
  0.23209595680236816        9.9692821502685547E-002
  0.25320792198181152        9.9906921386718750E-002
  0.23445296287536621        9.3902111053466797E-002
  0.22731089591979980        9.7887992858886719E-002
  0.24255204200744629       0.11008906364440918     
  0.23759603500366211       0.10171604156494141     
  0.23332285881042480        9.0422868728637695E-002
  0.21758604049682617        9.2175960540771484E-002
  0.21491789817810059        9.6369028091430664E-002
  0.28498315811157227       0.10167694091796875     
  0.22385883331298828       0.10281586647033691     
  0.24170589447021484        9.9738121032714844E-002
  0.22379899024963379        9.2930078506469727E-002
  0.23655009269714355        9.8962068557739258E-002
  0.22654700279235840       0.10758709907531738     
  0.27001190185546875       0.10351490974426270     
  0.28763294219970703       0.11240100860595703     
  0.26603507995605469       0.10919308662414551     
  0.25134515762329102       0.10725784301757812     
  0.23985505104064941       0.10268998146057129     
  0.24808216094970703        9.2838048934936523E-002
  0.23144698143005371        9.5669984817504883E-002
  0.21291613578796387        9.0319871902465820E-002
  0.22507309913635254        9.5211982727050781E-002
  0.21354198455810547        9.3560934066772461E-002
  0.22243309020996094       0.10174894332885742     
  0.21406602859497070        9.1551065444946289E-002
  0.23637700080871582        9.9010944366455078E-002
  0.21746492385864258        9.0542078018188477E-002
  0.21495509147644043        9.1542005538940430E-002
  0.21017503738403320        9.2236995697021484E-002
  0.24254989624023438       0.10270905494689941     
  0.24147891998291016        9.7279071807861328E-002
  0.22052693367004395        8.8296890258789062E-002
  0.21260499954223633        8.9724063873291016E-002
  0.25203609466552734       0.10966396331787109     
  0.22845816612243652        8.8690996170043945E-002
  0.23918700218200684        9.0394973754882812E-002
  0.23895597457885742       0.10857796669006348     
  0.27428603172302246       0.11457204818725586     
  0.30097293853759766       0.13209605216979980     
  0.33212995529174805       0.11376905441284180     
  0.27704191207885742        9.8549127578735352E-002
  0.21796894073486328       0.11039400100708008     
  0.25384902954101562        9.2463016510009766E-002
  0.22593617439270020        9.7218036651611328E-002
  0.22351694107055664        9.6365928649902344E-002
  0.21360683441162109        9.4411134719848633E-002
  0.23304796218872070        9.4863176345825195E-002
  0.23650193214416504        9.9529981613159180E-002
  0.22758197784423828        9.5488071441650391E-002
  0.21957683563232422        9.3699932098388672E-002
  0.25014901161193848        9.1086149215698242E-002
  0.22071599960327148        9.2787981033325195E-002
  0.26134085655212402       0.11315298080444336     
  0.27757692337036133       0.10578107833862305     
  0.26316404342651367       0.12636113166809082     
  0.30107498168945312       0.12563800811767578     
  0.30343794822692871       0.24079799652099609     
  0.44077992439270020       0.11729598045349121     
  0.26667094230651855       0.12071895599365234     
  0.28688693046569824        9.8078012466430664E-002
  0.24690890312194824       0.10755896568298340     
  0.24148297309875488       0.10022306442260742     
  0.23887085914611816       0.10031104087829590     
  0.22567796707153320        9.3942165374755859E-002
  0.22193503379821777        9.1288089752197266E-002
  0.21351480484008789        9.6267938613891602E-002
  0.22529387474060059        9.1263771057128906E-002
  0.21207785606384277        9.6116781234741211E-002
  0.23136782646179199        9.1710805892944336E-002
  0.21763682365417480        9.1054201126098633E-002
  0.22493696212768555        9.5361948013305664E-002
  0.20666289329528809        9.0842008590698242E-002
  0.23307108879089355        9.8165988922119141E-002
  0.22100496292114258        9.2988967895507812E-002
  0.25322103500366211        9.2738151550292969E-002
  0.22062301635742188       0.10012602806091309     
  0.22876906394958496        9.1691017150878906E-002
  0.20281505584716797        8.9894056320190430E-002
  0.20791387557983398        9.3394994735717773E-002
  0.21591210365295410        9.9487066268920898E-002
  0.21627902984619141        9.1575145721435547E-002
  0.21738195419311523        8.8330030441284180E-002
  0.22940397262573242       0.10693621635437012     
  0.25604891777038574        9.7774982452392578E-002
  0.22101402282714844        8.8999986648559570E-002
  0.20240402221679688       0.10267210006713867     
  0.23972511291503906       0.10453414916992188     
  0.24057412147521973        9.5776081085205078E-002
  0.25092601776123047       0.11103582382202148     
  0.25336503982543945        9.7681045532226562E-002
  0.24457097053527832        9.4043016433715820E-002
  0.22285079956054688        9.0533971786499023E-002
  0.23642802238464355       0.10879278182983398     
  0.26476693153381348       0.10864281654357910     
  0.26402497291564941       0.10385012626647949     
  0.22573399543762207        9.7325086593627930E-002
  0.22406888008117676        9.5847129821777344E-002
  0.23123216629028320        9.5566034317016602E-002
  0.24005413055419922        9.2091083526611328E-002
  0.25167298316955566        9.4237089157104492E-002
  0.22881698608398438        9.1223955154418945E-002
  0.21717905998229980        8.9734077453613281E-002
  0.21326208114624023        8.7965011596679688E-002
  0.20833683013916016        9.2978954315185547E-002
  0.25550913810729980        9.9591970443725586E-002
  0.20718598365783691        9.6884012222290039E-002
  0.21949219703674316        8.8822841644287109E-002
  0.23550391197204590        8.9890003204345703E-002
  0.20990514755249023        8.7616920471191406E-002
  0.23809599876403809       0.10353302955627441     
  0.23690891265869141       0.10376811027526855     
  0.21773195266723633        9.3639850616455078E-002
  0.23879313468933105        9.9920034408569336E-002
  0.25748300552368164        8.9399814605712891E-002
  0.20090699195861816        8.7552070617675781E-002
  0.20083308219909668        9.0956926345825195E-002
  0.20025491714477539        9.6355915069580078E-002
  0.22061514854431152        8.9751005172729492E-002
  0.21092009544372559        9.3330860137939453E-002
  0.21716785430908203        9.2580080032348633E-002
  0.21686315536499023        9.3081951141357422E-002
  0.21701908111572266        9.5342159271240234E-002
  0.23116302490234375        9.7997903823852539E-002
  0.22603797912597656        9.0936899185180664E-002
  0.24222517013549805        9.3956947326660156E-002
  0.20345807075500488        8.9586019515991211E-002
  0.21883416175842285        9.1726064682006836E-002
  0.22489881515502930        9.2795848846435547E-002
  0.23792481422424316       0.10656785964965820     
  0.25091695785522461        9.8368883132934570E-002
  0.23239183425903320        8.9085817337036133E-002
  0.20430803298950195        9.1942787170410156E-002
  0.21264576911926270        8.8358879089355469E-002
  0.20586514472961426       0.10334086418151855     
  0.26382303237915039       0.11140394210815430     
  0.22614002227783203        9.4794988632202148E-002
  0.23601794242858887       0.10042285919189453     
  0.22412300109863281        9.1165065765380859E-002
  0.23587608337402344       0.10103988647460938     
  0.23200297355651855        9.8321914672851562E-002
  0.24480605125427246       0.10302901268005371     
  0.25181794166564941       0.10100603103637695     
  0.24125480651855469        9.9215984344482422E-002
  0.23081994056701660       0.10765290260314941     
  0.34040188789367676       0.12832808494567871     
  0.30892205238342285       0.10780191421508789     
  0.27448701858520508       0.10364699363708496     
  0.27257084846496582        9.7867965698242188E-002
  0.53268408775329590       0.11371684074401855     
  0.21893811225891113        9.7320079803466797E-002
  0.26159787178039551       0.10582399368286133     
  0.23684501647949219        9.8547935485839844E-002
  0.21053481101989746        9.3484163284301758E-002
  0.22829389572143555        9.2797994613647461E-002
  0.21082496643066406        9.0978145599365234E-002
  0.21829485893249512       0.10025405883789062     
  0.22416400909423828        9.1150999069213867E-002
  0.23176813125610352        9.2573881149291992E-002
  0.20400094985961914        9.3410015106201172E-002
  0.22617411613464355       0.10125708580017090     
  0.21333098411560059        9.3688011169433594E-002
  0.21333217620849609        8.9422941207885742E-002
  0.20289111137390137        9.2542886734008789E-002
  0.21871590614318848        9.6760988235473633E-002
  0.21358680725097656        8.9749097824096680E-002
  0.21906900405883789        9.6094131469726562E-002
  0.21798110008239746        8.9863061904907227E-002
  0.22078490257263184        9.5458030700683594E-002
  0.21380305290222168        9.5468997955322266E-002
  0.21157503128051758        9.0126037597656250E-002
  0.22401690483093262        9.1341972351074219E-002
  0.21641898155212402        9.1187000274658203E-002
  0.21528697013854980        8.9668035507202148E-002
  0.20162820816040039        8.6417913436889648E-002
  0.21128797531127930        9.1672182083129883E-002
  0.21172785758972168        9.6517801284790039E-002
  0.21246504783630371        9.0639114379882812E-002
  0.20799398422241211        9.3137025833129883E-002
  0.21788001060485840        9.1511011123657227E-002
  0.21586799621582031        8.6326122283935547E-002
  0.20870208740234375        9.0477943420410156E-002
  0.21190619468688965        9.1054916381835938E-002
  0.21443295478820801        9.4561815261840820E-002
  0.20832681655883789        8.6925983428955078E-002
  0.20025682449340820        8.4256887435913086E-002
  0.20678305625915527        9.1867923736572266E-002
  0.20885992050170898        8.7286949157714844E-002
  0.21503400802612305        9.5363140106201172E-002
  0.20279192924499512       0.11821198463439941     
  0.34271311759948730       0.16663813591003418     
  0.22178101539611816        9.8239183425903320E-002
  0.21889495849609375        9.5721006393432617E-002
  0.22571396827697754        9.2844963073730469E-002
  0.20927000045776367        8.9543819427490234E-002
  0.22089290618896484        8.9554071426391602E-002
  0.22293591499328613        9.0133190155029297E-002
  0.20623087882995605        9.3063116073608398E-002
  0.20839691162109375        8.9504957199096680E-002
  0.20381498336791992        9.7793102264404297E-002
  0.20271110534667969        9.0895891189575195E-002
  0.19891810417175293        8.7741136550903320E-002
  0.19415187835693359        8.9760065078735352E-002
  0.22111415863037109        9.1351985931396484E-002
  0.22002196311950684       0.10160207748413086     
  0.27829098701477051       0.10360097885131836     
  0.22820401191711426        9.0120077133178711E-002
  0.23399305343627930        9.3786954879760742E-002
  0.21968317031860352        9.7548007965087891E-002
  0.22891902923583984        9.4043016433715820E-002
  0.22136497497558594        9.2555999755859375E-002
  0.21814203262329102        8.8696002960205078E-002
  0.21102619171142578        9.3059062957763672E-002
  0.21560192108154297        9.2010974884033203E-002
  0.20904016494750977        9.4784021377563477E-002
  0.20089697837829590        8.6922883987426758E-002
  0.19645500183105469        8.5318803787231445E-002
  0.19054317474365234        8.8829040527343750E-002
  0.23676705360412598        9.1162919998168945E-002
  0.21646094322204590        8.7393999099731445E-002
  0.22707581520080566        8.7097167968750000E-002
  0.21313095092773438        9.0349912643432617E-002
  0.20669484138488770        9.2376947402954102E-002
  0.21803998947143555        9.1630935668945312E-002
  0.21595501899719238        8.9972019195556641E-002
  0.20766496658325195        9.3538045883178711E-002
  0.21596693992614746        9.8393917083740234E-002
  0.21179199218750000        9.6381187438964844E-002
  0.21357393264770508        9.0796947479248047E-002
  0.22133684158325195        9.1217994689941406E-002
  0.20872902870178223        9.6685886383056641E-002
  0.22255802154541016        9.4498157501220703E-002
  0.22283196449279785        9.1253042221069336E-002
  0.21778512001037598        8.8409900665283203E-002
  0.22054409980773926       0.11158490180969238     
  0.25044298171997070        9.6054077148437500E-002
  0.25567698478698730       0.11664199829101562     
  0.22260308265686035       0.10038185119628906     
  0.22891688346862793        9.0991020202636719E-002
